
Time;T1Level;T2Level;T3Level;T4Level;leftPump;leftValve;rightPump;rightValve
0.1;0;0;0;0;0;0;0;0
0.2;0;0;0;0;0;0;0;0
0.30000000000000004;0;0;0;0;0;0;0;0
0.4;0;0;0;0;0;0;0;0
0.5;0;0;0;0;0;0;0;0
0.6;0;0;0;0;0;0;0;0
0.7;0;0;0;0;0;0;0;0
0.7999999999999999;0;0;0;0;0;0;0;0
0.8999999999999999;0;0;0;0;0;0;0;0
0.9999999999999999;0;0;0;0;0;0;0;0
1.0999999999999999;0;0;0;0;0;0;0;0
1.2;0;0;0;0;0;0;0;0
1.3;0;0;0;0;0;0;0;0
1.4000000000000001;0;0;0;0;0;0;0;0
1.5000000000000002;0;0;0;0;0;0;0;0
1.6000000000000003;0;0;0;0;0;0;0;0
1.7000000000000004;0;0;0;0;0;0;0;0
1.8000000000000005;0;0;0;0;0;0;0;0
1.9000000000000006;0;0;0;0;0;0;0;0
2.0000000000000004;0;0;0;0;0;0;0;0
2.1000000000000005;0;0;0;0;0;0;0;0
2.2000000000000006;0;0;0;0;0;0;0;0
2.3000000000000007;0;0;0;0;0;0;0;0
2.400000000000001;0;0;0;0;0;0;0;0
2.500000000000001;0;0;0;0;0;0;0;0
2.600000000000001;0;0;0;0;0;0;0;0
2.700000000000001;0;0;0;0;0;0;0;0
2.800000000000001;0;0;0;0;0;0;0;0
2.9000000000000012;0;0;0;0;0;0;0;0
3.0000000000000013;0;0;0;0;0;0;0;0
3.1000000000000014;0;0;0;0;0;0;0;0
3.2000000000000015;0;0;0;0;0;0;0;0
3.3000000000000016;0;0;0;0;0;0;0;0
3.4000000000000017;0;0;0;0;0;0;0;0
3.5000000000000018;0;0;0;0;0;0;0;0
3.600000000000002;0;0;0;0;0;0;0;0
3.700000000000002;0;0;0;0;0;0;0;0
3.800000000000002;0;0;0;0;0;0;0;0
3.900000000000002;0;0;0;0;0;0;0;0
4.000000000000002;0;0;0;0;0;0;0;0
4.100000000000001;0;0;0;0;0;0;0;0
4.200000000000001;0;0;0;0;0;0;0;0
4.300000000000001;0;0;0;0;0;0;0;0
4.4;0;0;0;0;0;0;0;0
4.5;0;0;0;0;0;0;0;0
4.6;0;0;0;0;0;0;0;0
4.699999999999999;0;0;0;0;0;0;0;0
4.799999999999999;0;0;0;0;0;0;0;0
4.899999999999999;0;0;0;0;0;0;0;0
4.999999999999998;0;0;0;0;11.6;0;0;0
5.099999999999998;0.07569297556648247;0;0;0;11.6;0;0;0
5.1999999999999975;0.15541547631088615;0;0;0;11.6;0;0;0
5.299999999999997;0.22935865370577035;0;0;0;11.6;0;0;0
5.399999999999997;0.2989120503534;0;0;0;11.6;0;0;0
5.4999999999999964;0.3648478066421868;0;0;0;11.6;0;0;0
5.599999999999996;0.42767648058784946;0;0;0;11.6;0;0;0
5.699999999999996;0.48776785498729697;0;0;0;11.6;0;0;0
5.799999999999995;0.5454055059893395;0;0;0;11.6;0;0;0
5.899999999999995;0.6008156536403478;0;0;0;11.6;0;0;0
5.999999999999995;0.6541840664841059;0;0;0;11.6;0;0;0
6.099999999999994;0.7056667187979575;0;0;0;11.6;0;0;0
6.199999999999994;0.7553968896325559;0;0;0;11.6;0;0;0
6.299999999999994;0.8034900997048671;0;0;0;11.6;0;0;0
6.399999999999993;0.8500476657127445;0;0;0;11.6;0;0;0
6.499999999999993;0.8951593332884082;0;0;0;11.6;0;0;0
6.5999999999999925;0.9389052746056424;0;0;0;11.6;0;0;0
6.699999999999992;0.9813576350808785;0;0;0;11.6;0;0;0
6.799999999999992;1.0225817521045208;0;0;0;11.6;0;0;0
6.8999999999999915;1.062637130099548;0;0;0;11.6;0;0;0
6.999999999999991;1.1015782311476707;0;0;0;11.6;0;0;0
7.099999999999991;1.1394551237203592;0;0;0;11.6;0;0;0
7.19999999999999;1.1763140206449099;0;0;0;11.6;0;0;0
7.29999999999999;1.212197729476487;0;0;0;11.6;0;0;0
7.39999999999999;1.2471460327863833;0;0;0;11.6;0;0;0
7.499999999999989;1.2811960117810826;0;0;0;11.6;0;0;0
7.599999999999989;1.3143823236570922;0;0;0;11.6;0;0;0
7.699999999999989;1.346737440853634;0;0;0;11.6;0;0;0
7.799999999999988;1.3782918586722201;0;0;0;11.6;0;0;0
7.899999999999988;1.4090742764390243;0;0;0;11.6;0;0;0
7.999999999999988;1.4391117563875735;0;0;0;11.6;0;0;0
8.099999999999987;1.4684298636607753;0;0;0;11.6;0;0;0
8.199999999999987;1.497052790218581;0;0;0;11.6;0;0;0
8.299999999999986;1.5250034649512494;0;0;0;11.6;0;0;0
8.399999999999986;1.5523036519090472;0;0;0;11.6;0;0;0
8.499999999999986;1.5789740382455666;0;0;0;11.6;0;0;0
8.599999999999985;1.6050343132172435;0;0;0;11.6;0;0;0
8.699999999999985;1.6305032393736696;0;0;0;11.6;0;0;0
8.799999999999985;1.65539871690232;0;0;0;11.6;0;0;0
8.899999999999984;1.679737841949976;0;0;0;11.6;0;0;0
8.999999999999984;1.7035369596256296;0;0;0;11.6;0;0;0
9.099999999999984;1.7268117122915085;0;0;0;11.6;0;0;0
9.199999999999983;1.7495770836664395;0;0;0;11.6;0;0;0
9.299999999999983;1.7718474391962764;0;0;0;11.6;0;0;0
9.399999999999983;1.7936365630872393;0;0;0;11.6;0;0;0
9.499999999999982;1.8149576923479376;0;0;0;11.6;0;0;0
9.599999999999982;1.8358235481430873;0;0;0;11.6;0;0;0
9.699999999999982;1.8562463647252792;0;0;0;11.6;0;0;0
9.799999999999981;1.8762379161796274;0;0;0;11.6;0;0;0
9.89999999999998;1.8958095411889144;0;0;0;11.6;0;0;0
9.99999999999998;1.9149721660032806;0;0;0;11.6;0;0;0
10.09999999999998;1.9337363257780407;0;0;0;11.6;0;0;0
10.19999999999998;1.9521121844253726;0;0;0;11.6;0;0;0
10.29999999999998;1.970109553110039;0;0;0;11.6;0;0;0
10.399999999999979;1.9877379075056558;0;0;0;11.6;0;0;0
10.499999999999979;2.0050064039160223;0;0;0;31.1;0;0;0
10.599999999999978;2.160105964712943;0;0;0;31.1;0;0;0
10.699999999999978;2.339475674842894;0;0;0;31.1;0;0;0
10.799999999999978;2.5154660075095885;0;0;0;31.1;0;0;0
10.899999999999977;2.6882578803477704;0;0;0;31.1;0;0;0
10.999999999999977;2.8580112922962755;0;0;0;31.1;0;0;0
11.099999999999977;3.0248690413513706;0;0;0;31.1;0;0;0
11.199999999999976;3.188959578611477;0;0;0;31.1;0;0;0
11.299999999999976;3.350399240672815;0;0;0;31.1;0;0;0
11.399999999999975;3.50929402433608;0;0;0;31.1;0;0;0
11.499999999999975;3.6657410176308494;0;0;0;31.1;0;0;0
11.599999999999975;3.8198295682618686;0;0;0;31.1;0;0;0
11.699999999999974;3.971642248346275;0;0;0;31.1;0;0;0
11.799999999999974;4.121255658940532;0;0;0;31.1;0;0;0
11.899999999999974;4.268741107014861;0;0;0;31.1;0;0;0
11.999999999999973;4.414165179747576;0;0;0;31.1;0;0;0
12.099999999999973;4.557590235329169;0;0;0;31.1;0;0;0
12.199999999999973;4.699074825256951;0;0;0;31.1;0;0;0
12.299999999999972;4.83867405994136;0;0;0;31.1;0;0;0
12.399999999999972;4.976439927044061;0;0;0;31.1;0;0;0
12.499999999999972;5.112421570122821;0;0;0;31.1;0;0;0
12.599999999999971;5.246665533725465;0;0;0;31.1;0;0;0
12.69999999999997;5.379215979952212;0;0;0;31.1;0;0;0
12.79999999999997;5.510114880617496;0;0;0;31.1;0;0;0
12.89999999999997;5.639402188434164;0;0;0;31.1;0;0;0
12.99999999999997;5.767115990073899;0;0;0;31.1;0;0;0
13.09999999999997;5.8932926434971735;0;0;0;31.1;0;0;0
13.199999999999969;6.017966901570846;0;0;0;31.1;0;0;0
13.299999999999969;6.141172023683882;0;0;0;31.1;0;0;0
13.399999999999968;6.262939876818;0;0;0;31.1;0;0;0
13.499999999999968;6.383301027319634;0;0;0;31.1;0;0;0
13.599999999999968;6.502284824444201;0;0;0;31.1;0;0;0
13.699999999999967;6.619919476596699;0;0;0;31.1;0;0;0
13.799999999999967;6.73623212106895;0;0;0;31.1;0;0;0
13.899999999999967;6.851248887969189;0;0;0;31.1;0;0;0
13.999999999999966;6.964994958950897;0;0;0;31.1;0;0;0
14.099999999999966;7.077494621272024;0;0;0;31.1;0;0;0
14.199999999999966;7.188771317650948;0;0;0;31.1;0;0;0
14.299999999999965;7.298847692329873;0;0;0;31.1;0;0;0
14.399999999999965;7.4077456337083385;0;0;0;31.1;0;0;0
14.499999999999964;7.515486313868066;0;0;0;31.1;0;0;0
14.599999999999964;7.622090225274328;0;0;0;31.1;0;0;0
14.699999999999964;7.727577214907731;0;0;0;31.1;0;0;0
14.799999999999963;7.83196651605293;0;0;0;31.1;0;0;0
14.899999999999963;7.935276777946889;0;0;0;31.1;0;0;0
14.999999999999963;8.037526093468292;0;0;0;31.1;0;0;0
15.099999999999962;8.13873202503123;0;0;0;31.1;0;0;0
15.199999999999962;8.238911628830001;0;0;0;31.1;0;0;0
15.299999999999962;8.338081477567465;0;0;0;31.1;0;0;0
15.399999999999961;8.436257681786602;0;0;0;56;0;0;0
15.499999999999961;8.634183671914506;0;0;0;56;0;0;0
15.59999999999996;8.850186947802149;0;0;0;56;0;0;0
15.69999999999996;9.064089112241627;0;0;0;56;0;0;0
15.79999999999996;9.275935188168603;0;0;0;56;0;0;0
15.89999999999996;9.48576822117734;0;0;0;56;0;0;0
15.99999999999996;9.693629417699885;0;0;0;56;0;0;0
16.09999999999996;9.899558270055824;0;0;0;56;0;0;0
16.19999999999996;10.103592669933477;0;0;0;56;0;0;0
16.29999999999996;10.305769011642528;0;0;0;56;0;0;0
16.399999999999963;10.506122286293145;0;0;0;56;0;0;0
16.499999999999964;10.704686167901112;0;0;0;56;0;0;0
16.599999999999966;10.901493092287243;0;0;0;56;0;0;0
16.699999999999967;11.096574329527824;0;0;0;56;0;0;0
16.79999999999997;11.289960050617983;0;0;0;56;0;0;0
16.89999999999997;11.481679388928697;0;0;0;56;0;0;0
16.99999999999997;11.671760496968504;0;0;0;56;0;0;0
17.099999999999973;11.860230598900998;0;0;0;56;0;0;0
17.199999999999974;12.047116039217322;0;0;0;56;0;0;0
17.299999999999976;12.232442327917958;0;0;0;56;0;0;0
17.399999999999977;12.41623418251899;0;0;0;56;0;0;0
17.49999999999998;12.598515567163949;0;0;0;56;0;0;0
17.59999999999998;12.77930972909254;0;0;0;56;0;0;0
17.69999999999998;12.95863923269136;0;0;0;56;0;0;0
17.799999999999983;13.13652599132875;0;0;0;56;0;0;0
17.899999999999984;13.31299129715568;0;0;0;56;0;0;0
17.999999999999986;13.488055849036572;0;0;0;56;0;0;0
18.099999999999987;13.661739778758204;0;0;0;56;0;0;0
18.19999999999999;13.834062675650667;0;0;0;56;0;0;0
18.29999999999999;14.0050436097419;0;0;0;56;0;0;0
18.39999999999999;14.174701153556079;0;0;0;56;0;0;0
18.499999999999993;14.343053402656249;0;0;0;56;0;0;0
18.599999999999994;14.510117995022593;0;0;0;76.1;0;0;0
18.699999999999996;14.746110169394527;0;0;0;76.1;0;0;0
18.799999999999997;14.994298072836768;0;0;0;76.1;0;0;0
18.9;15.240629194027813;0;0;0;76.1;0;0;0
19;15.485132324424772;0;0;0;76.1;0;0;0
19.1;15.727835359581402;0;0;0;76.1;0;0;0
19.200000000000003;15.968765343698076;0;0;0;76.1;0;0;0
19.300000000000004;16.207948511137143;0;0;0;76.1;0;0;0
19.400000000000006;16.445410325164236;0;0;0;76.1;0;0;0
19.500000000000007;16.681175514149214;0;0;0;76.1;0;0;0
19.60000000000001;16.915268105436855;0;0;0;76.1;0;0;0
19.70000000000001;17.147711457076543;0;0;0;76.1;0;0;0
19.80000000000001;17.37852828758174;0;0;0;76.1;0;0;0
19.900000000000013;17.607740703873716;0;0;0;76.1;0;0;0
20.000000000000014;17.835370227549387;0;0;0;76.1;0;0;0
20.100000000000016;18.061437819600265;0;0;0;76.1;0;0;0
20.200000000000017;18.285963903697898;0;0;0;76.1;0;0;0
20.30000000000002;18.50896838815085;0;0;0;76.1;0;0;0
20.40000000000002;18.730470686629054;0;0;0;76.1;0;0;0
20.50000000000002;18.950489737743002;0;0;0;76.1;35.3;0;0
20.600000000000023;19.030435491280556;0.008095442088971762;0;0.1620334409757615;76.1;35.3;0;0
20.700000000000024;19.082239004338625;0.02655703169351866;0;0.3380985044886985;76.1;35.3;0;0
20.800000000000026;19.133698831296186;0.04906544110159439;0;0.5044000114791216;76.1;35.3;0;0
20.900000000000027;19.18481771020557;0.07439780884669735;0;0.6632022402171154;76.1;35.3;0;0
21.00000000000003;19.23559835006318;0.10189007864378793;0;0.8157636291692976;76.1;35.3;0;0
21.10000000000003;19.28604343124148;0.13111550311806552;0;0.9629170509050577;76.1;35.3;0;0
21.20000000000003;19.33615560591227;0.16177337505706568;0;1.1052664541253907;76.1;35.3;0;0
21.300000000000033;19.38593749846149;0.19363898561119472;0;1.2432756175053843;76.1;35.3;0;0
21.400000000000034;19.43539170589573;0.22653740662207464;0;1.3773150557191451;76.1;35.3;0;0
21.500000000000036;19.484520798240716;0.2603282885320223;0;1.507689497967005;76.1;35.3;0;0
21.600000000000037;19.533327318931924;0.2948963793050665;0;1.6346552098897205;76.1;35.3;0;0
21.70000000000004;19.581813785197543;0.33014527628927;0;1.7584315319466888;76.1;35.3;0;0
21.80000000000004;19.629982688433973;0.36599312657628247;0;1.8792089038406015;76.1;35.3;0;0
21.90000000000004;19.677836494574045;0.40236956308452154;0;1.9971546420994604;76.1;35.3;0;0
22.000000000000043;19.72537764444814;0.43921345742174284;0;2.1124172203801455;76.1;35.3;0;0
22.100000000000044;19.77260855413839;0.4764712314530842;0;2.2251295172809518;76.1;35.3;0;0
22.200000000000045;19.81953161532611;0.5140955622594018;0;2.3354113313714544;76.1;35.3;0;0
22.300000000000047;19.866149195632648;0.5520443710244701;0;2.443371363201628;76.1;35.3;0;0
22.40000000000005;19.912463638953806;0.5902800212830035;0;2.5491088012656715;76.1;99.9;0;0
22.50000000000005;19.70480629704853;0.6307293050303198;0;2.9681584398464405;76.1;99.9;0;0
22.60000000000005;19.447969639981267;0.6768347139368562;0;3.4417395141243285;76.1;99.9;0;0
22.700000000000053;19.192820902085813;0.7278136711341278;0;3.9070827770320147;76.1;99.9;0;0
22.800000000000054;18.939360062723807;0.7830605428062217;0;4.36482725303623;76.1;99.9;0;0
22.900000000000055;18.687587100981858;0.8420879812148444;0;4.815498263356877;76.1;99.9;0;0
23.000000000000057;18.43750199566601;0.9044961886786478;0;5.259537571899155;76.1;99.9;0;0
23.10000000000006;18.189104725296072;0.9699519353097037;0;5.697323397727041;76.1;99.9;0;0
23.20000000000006;17.94239526809977;1.038173705650571;0;6.129184295950154;76.1;99.9;0;0
23.30000000000006;17.69737360200676;1.1089208835241247;0;6.555409130786709;76.1;99.9;0;0
23.400000000000063;17.454039704642472;1.181985696004916;0;6.976254451344744;76.1;99.9;0;0
23.500000000000064;17.21239355332178;1.2571870975476676;0;7.391950080267837;76.1;99.9;0;0
23.600000000000065;16.972435125042473;1.3343660508010766;0;7.80270343631864;76.1;99.9;0;0
23.700000000000067;16.734164396478604;1.4133818328939416;0;8.208702937458582;76.1;99.9;0;0
23.800000000000068;16.497581343973582;1.4941091075215662;0;8.610120721619344;76.1;99.9;0;0
23.90000000000007;16.262685943533103;1.5764355774851906;0;9.00711485159407;76.1;99.9;0;0
24.00000000000007;16.029478170817878;1.6602600830637846;0;9.399831123389376;76.1;99.9;0;0
24.100000000000072;15.797958001136134;1.7454910469322897;0;9.788404565273124;76.1;99.9;0;0
24.200000000000074;15.568125409435916;1.832045191393386;0;10.172960692382667;76.1;99.9;0;0
24.300000000000075;15.339980370297148;1.9198464717324455;0;10.553616565867872;76.1;99.9;0;0
24.400000000000077;15.113522857923464;2.008825182681816;0;10.930481694058722;76.1;99.9;0;0
24.500000000000078;14.8887528461338;2.098917204725549;0;11.30365880471622;76.1;99.9;0;0
24.60000000000008;14.665670308353727;2.190063364266283;0;11.673244511147614;76.1;99.9;0;0
24.70000000000008;14.444275217606528;2.282208887188471;0;12.039329890231908;76.1;99.9;0;0
24.800000000000082;14.224567546503996;2.3753029295611885;0;12.402000986787378;76.1;99.9;0;0
24.900000000000084;14.006547267236957;2.469298172467039;0;12.76133925592436;76.1;99.9;0;0
25.000000000000085;13.790214351565496;2.5641504704641425;0;13.11742195285319;76.1;99.9;0;0
25.100000000000087;13.575568770808875;2.6598185451626213;0;13.470322477907647;76.1;99.9;0;0
25.200000000000088;13.36261049583514;2.756263716955365;0;13.820110683187877;76.1;99.9;0;0
25.30000000000009;13.1513394970504;2.8534496691815283;0;14.166853146141971;76.1;99.9;0;0
25.40000000000009;12.941755744387752;2.951342239992408;0;14.510613414531297;76.1;99.9;0;0
25.500000000000092;12.733859207295868;3.0499092379875146;0;14.85145222651541;76.1;99.9;0;0
25.600000000000094;12.527649854727192;3.149120278335257;0;15.189427709013101;76.1;99.9;0;0
25.700000000000095;12.323127655125768;3.2489466366194737;0;15.524595557020135;76.1;99.9;0;0
25.800000000000097;12.120292576414654;3.349361118084572;0;15.857009196170743;76.1;99.9;0;0
25.900000000000098;11.919144585982922;3.4503379403073624;0;16.18671993050303;76.1;99.9;0;0
26.0000000000001;11.71968365067223;3.55185262761767;0;16.513777077115265;76.1;99.9;0;0
26.1000000000001;11.521909736762927;3.6538819158342104;0;16.838228089170823;76.1;99.9;0;0
26.200000000000102;11.32582280995969;3.7564036660863103;0;17.160118668516166;76.1;99.9;0;0
26.300000000000104;11.131422835376666;3.8593967866631997;0;17.47949286901258;76.1;99.9;0;0
26.400000000000105;10.938709777522108;3.962841161976721;0;17.796393191543068;76.1;99.9;0;0
26.500000000000107;10.747683600282453;4.066717587845128;0;18.110860671536862;76.1;99.9;0;0
26.600000000000108;10.558344266905857;4.171007712409031;0;18.4229349597523;76.1;99.9;0;0
26.70000000000011;10.370691739985137;4.275693982078577;0;18.73265439697089;76.1;99.9;0;0
26.80000000000011;10.184725981440097;4.3807595919861795;0;19.040056083179927;76.1;99.9;0;0
26.900000000000112;10.00044695249922;4.486188440483611;0;19.345175941755468;76.1;99.9;0;0
27.000000000000114;9.817854613680677;4.5919650872777655;0;19.648048779100517;76.1;99.9;0;0
27.100000000000115;9.636948924772655;4.69807471484724;0;19.94870834014379;76.1;99.9;0;0
27.200000000000117;9.457729844812937;4.804503092823321;0;20.24718736006104;76.1;99.9;52.7;0
27.300000000000118;9.280197332067711;5.249833314619672;0;20.54351761254302;76.1;99.9;52.7;0
27.40000000000012;9.104351344009594;5.758433928185126;0;20.83772995490076;76.1;99.9;52.7;0
27.50000000000012;8.930191837294785;6.262565781218323;0;21.129854370269634;76.1;99.9;52.7;0
27.600000000000122;8.757718767739364;6.76250868056743;0;21.41992000714753;76.1;99.9;52.7;0
27.700000000000124;8.586932090294638;7.258505692505642;0;21.707955216479785;76.1;99.9;52.7;0
27.800000000000125;8.417831759021535;7.750770168649013;0;21.9939875864829;76.1;99.9;52.7;0
27.900000000000126;8.25041772706396;8.239491043463866;0;22.27804397538129;76.1;99.9;52.7;0
28.000000000000128;8.084689946621094;8.72483691307327;0;22.560150542214966;76.1;99.9;52.7;0
28.10000000000013;7.920648368918552;9.206959232670059;0;22.840332775861807;76.1;99.9;52.7;0
28.20000000000013;7.758292944178369;9.685994862389112;0;23.11861552240515;76.1;99.9;52.7;0
28.300000000000132;7.597623621587733;10.162068122286671;0;23.395023010966042;76.1;99.9;52.7;0
28.400000000000134;7.438640349266402;10.635292471218946;0;23.66957887810895;76.1;99.9;52.7;0
28.500000000000135;7.281343074232752;11.105771893262059;0;23.942306190920675;76.1;99.9;52.7;0
28.600000000000136;7.125731742368362;11.573602053683716;0;24.213227468853617;76.1;99.9;52.7;0
28.700000000000138;6.971806298381067;12.038871271158127;0;24.482364704417165;76.1;99.9;52.7;0
28.80000000000014;6.819566685766394;12.501661341874986;0;24.749739382794083;76.1;99.9;52.7;0
28.90000000000014;6.6690128467672904;12.962048243109049;0;25.015372500452532;76.1;99.9;52.7;0
29.000000000000142;6.520144722332056;13.420102737811767;0;25.2792845828189;76.1;99.9;52.7;0
29.100000000000144;6.3729622520703595;13.875890897267025;0;25.541495701071412;76.1;99.9;52.7;0
29.200000000000145;6.227465374207255;14.329474555410927;0;25.80202548810994;76.1;99.9;52.7;0
29.300000000000146;6.083654025535059;14.780911705765016;0;26.0608931537532;76.1;99.9;52.7;0
29.400000000000148;5.941528141362976;15.230256849870484;0;26.318117499210693;76.1;99.9;52.7;0
29.50000000000015;5.801087655464347;15.677561304492079;0;26.573716930873235;76.1;99.9;52.7;0
29.60000000000015;5.662332500021345;16.122873473578238;0;26.827709473462793;76.1;99.9;52.7;26.6
29.700000000000152;5.5327415729502505;16.475964025840714;0.10378451628671001;27.080112782579278;76.1;99.9;52.7;26.6
29.800000000000153;5.417811516706346;16.80980944210678;0.2137514957443259;27.330944156679426;76.1;99.9;52.7;26.6
29.900000000000155;5.310358631276572;17.1425350557768;0.3161052591170033;27.58022054852034;76.1;99.9;52.7;26.6
30.000000000000156;5.208858983083863;17.474158430439537;0.4126637400540448;27.827958576098013;76.1;99.9;52.7;26.6
30.100000000000158;5.112447249342258;17.804696385833736;0.5044371955008693;28.07417453310913;76.1;99.9;52.7;26.6
30.20000000000016;5.020539292600969;18.13416504337488;0.5920937726061039;28.3188843989625;76.1;99.9;52.7;26.6
30.30000000000016;4.932703395141063;18.462579868123925;0.6761175205130014;28.562103848364696;76.1;99.9;52.7;26.6
30.400000000000162;4.848601829894338;18.78995570753579;0.7568797538357881;28.80384826050291;76.1;99.9;52.7;26.6
30.500000000000163;4.767959833623648;19.11630682728783;0.8346767800212511;29.044132727846474;76.1;99.9;52.7;26.6
30.600000000000165;4.690547350491282;19.441646944455456;0.9097520044437639;29.282972064587163;76.1;99.9;52.7;26.6
30.700000000000166;4.616167475750611;19.765989258273496;0.9823098660326567;29.520380814737123;76.1;99.9;52.7;26.6
30.800000000000168;4.544648727610314;20.08934647869658;1.0525251201354797;29.756373259901974;76.1;99.9;52.7;26.6
30.90000000000017;4.475839652546934;20.41173085294974;1.1205492941760027;29.990963426745733;76.1;99.9;52.7;26.6
31.00000000000017;4.409604927305471;20.733154190240917;1.1865153354815186;30.22416509416301;76.1;99.9;52.7;26.6
31.100000000000172;4.345822461307822;21.053627884789748;1.250541054359759;30.455991800173052;76.1;99.9;52.7;26.6
31.200000000000173;4.284381190956033;21.37316293731192;1.3127317364083588;30.686456848549383;76.1;99.9;52.7;26.6
31.300000000000175;4.225179366398266;21.691769975084714;1.3731821652224747;30.915573315197854;76.1;99.9;52.7;26.6
31.400000000000176;4.1681231975077555;22.0094592707074;1.4319782162461323;31.14335405429532;76.1;99.9;52.7;26.6
31.500000000000178;4.113125767486856;22.326240759659488;1.489198131990121;31.369811704200252;76.1;99.9;52.7;26.6
31.60000000000018;4.060106149578782;22.642124056750266;1.544913556076586;31.59495869314615;76.1;99.9;52.7;26.6
31.70000000000018;4.008988680450542;22.957118471544476;1.599190381730752;31.81880724472784;76.1;99.9;52.7;26.6
31.800000000000182;3.959702356183036;23.271233022841468;1.6520894554249672;32.04136938319023;76.1;99.9;52.7;26.6
31.900000000000183;3.9121803254538325;23.58447645227818;1.7036671659732732;32.262656938528586;76.1;99.9;52.7;74.6
32.000000000000185;3.867914354850037;23.733876061713055;1.956238163458939;32.48268155140892;76.1;99.9;52.7;74.6
32.100000000000186;3.829667806563691;23.850905012511223;2.2428890500103895;32.70145467791638;76.1;99.9;52.7;74.6
32.20000000000019;3.796878681039703;23.96822846008616;2.5233769575217275;32.91898759413952;76.1;99.9;52.7;74.6
32.30000000000019;3.769090835222515;24.085837510989624;2.798177508935286;33.13529140059746;76.1;99.9;52.7;74.6
32.40000000000019;3.7459185566565383;24.203723460969222;3.0676850114655014;33.350377026516924;76.1;99.9;52.7;74.6
32.50000000000019;3.727029243496916;24.321877790051328;3.332233221137319;33.56425523396552;76.1;99.9;52.7;74.6
32.60000000000019;3.712131655186448;24.44029215778225;3.592109362800882;33.776936621847526;76.1;99.9;52.7;74.6
32.700000000000195;3.700967612316072;24.558958398621375;3.8475639865504236;33.98843162976786;76.1;99.9;52.7;74.6
32.800000000000196;3.693305936488824;24.67786851748048;4.098818127605702;34.19875054176987;76.1;99.9;52.7;74.6
32.9000000000002;3.688937902550819;24.797014685403514;4.34606865019521;34.40790348995219;76.1;99.9;52.7;74.6
33.0000000000002;3.6876737454383828;24.91638923538151;4.58949232803929;34.61590045796954;76.1;99.9;52.7;74.6
33.1000000000002;3.689339922801532;25.035984658297526;4.829249021385454;34.82275128442227;76.1;99.9;52.7;74.6
33.2000000000002;3.6937769320846736;25.1557935989967;5.06548419259373;35.028465666139226;76.1;99.9;52.7;74.6
33.3000000000002;3.700837542737169;25.275808852476757;5.2983309274535495;35.23305316135806;76.1;99.9;52.7;74.6
33.400000000000205;3.710385344847765;25.396023360194533;5.527911580492203;35.4365231928071;76.1;99.9;52.7;74.6
33.500000000000206;3.722293542827782;25.51643020648421;5.754339129684651;35.638885050692814;76.1;99.9;52.7;74.6
33.60000000000021;3.736443941588675;25.637022615083215;5.977718303394285;35.840147895596274;76.1;99.9;52.7;74.6
33.70000000000021;3.752726085889073;25.757793945761897;6.19814652652789;36.04032076128242;76.1;99.9;52.7;74.6
33.80000000000021;3.7710365229974014;25.8787376910532;6.4157147215593895;36.23941255742527;76.1;99.9;52.7;74.6
33.90000000000021;3.791278165708551;25.99984747307882;6.630507991841757;36.43743207225235;76.1;99.9;52.7;74.6
34.00000000000021;3.813359737843433;26.121117040468377;6.842606208549224;36.634387975111444;76.1;99.9;52.7;74.6
34.100000000000215;3.837195288170285;26.242540265368365;7.052084518045105;36.83028881896247;76.1;99.9;52.7;74.6
34.200000000000216;3.8627037615731297;26.364111140537698;7.259013783026118;37.02514304279732;76.1;99.9;52.7;74.6
34.30000000000022;3.889808618504059;26.48582377652689;7.463460968154596;37.21895897399029;76.1;99.9;52.7;74.6
34.40000000000022;3.9184374954672454;26.60767239893794;7.665489478845833;37.411744830581725;76.1;99.9;52.7;74.6
34.50000000000022;3.9485219006193657;26.72965134576219;7.865159460279342;37.60350872349707;76.1;99.9;52.7;74.6
34.60000000000022;3.9799969396244474;26.85175506479347;8.062528062441425;37.79425865870398;76.1;99.9;52.7;74.6
34.70000000000022;4.01280106773787;26.973978111113986;8.25764967600276;37.984002539309365;76.1;99.9;52.7;74.6
34.800000000000225;3.9506735294539927;27.096315144650543;8.450576143029782;38.17274816759874;76.1;99.9;52.7;74.6
34.900000000000226;3.873171214378555;27.21876092779868;8.641356945878423;38.36050324701977;76.1;99.9;52.7;74.6
35.00000000000023;3.925217765084943;27.341310323112527;8.67112327448189;38.54727538411201;76.1;99.9;52.7;74.6
35.10000000000023;4.000468373883824;27.46395829105818;8.669078358601976;38.73307209038469;76.1;99.9;52.7;74.6
35.20000000000023;4.073527135765551;27.58669988782851;8.66707810579083;38.917900784144265;76.1;99.9;52.7;74.6
35.30000000000023;4.144476228218621;27.70953026321741;8.665121545546947;39.10176879227362;76.1;99.9;52.7;74.6
35.40000000000023;4.213393406513717;27.83244465855156;8.663207728242847;39.28468335196427;76.1;99.9;52.7;74.6
35.500000000000234;4.280352347960311;27.955438404677817;8.661335724685301;39.46665161240347;76.1;99.9;52.7;74.6
35.600000000000236;4.3454229601642504;28.349474699895048;8.659504625684429;39.308227055028325;76.1;99.9;52.7;74.6
35.70000000000024;4.408671657982092;28.793666893487334;8.657713541631518;39.084060209466095;76.1;99.9;52.7;74.6
35.80000000000024;4.470161613140806;29.233608055325327;8.65596160208537;38.862212680638;76.1;99.9;52.7;74.6
35.90000000000024;4.529952979893713;29.669352987943913;8.654247955367055;38.642666980088094;76.1;99.9;52.7;74.6
36.00000000000024;4.588103099589274;30.100955272014136;8.652571768162893;38.425405652760254;76.1;99.9;52.7;74.6
36.10000000000024;4.644666686618521;30.2625710986592;8.65093222513553;38.210411278157316;76.1;99.9;52.7;74.6
36.200000000000244;4.699695997863599;30.368078168528463;8.64932852854293;37.997666471497055;76.1;99.9;52.7;74.6
36.300000000000246;4.75324098748169;30.47070127354243;8.64775989786516;37.78715388486452;76.1;99.9;52.7;74.6
36.40000000000025;4.805349448615472;30.570486254741187;8.64622556943882;37.57885620836049;76.1;99.9;52.7;74.6
36.50000000000025;4.856067143415329;30.66747828457347;8.644724796098943;37.37275617124547;76.1;99.9;52.7;74.6
36.60000000000025;4.9054379225833395;30.761721881654154;8.643256846828272;37.16883654307905;76.1;99.9;52.7;74.6
36.70000000000025;4.9535038354994985;30.853260924949634;8.641821006413734;36.967080134854115;76.1;99.9;52.7;74.6
36.80000000000025;5.000305231862348;30.94213866741928;8.640416575109978;36.767469800125575;76.1;99.9;52.7;74.6
36.900000000000254;5.045880855665936;31.028397749139526;8.63904286830988;36.569988436133215;76.1;99.9;52.7;74.6
37.000000000000256;5.09026793223976;31.112080209935712;8.637699216221822;36.37461898491834;76.1;99.9;52.7;74.6
37.10000000000026;5.133502248995925;31.193227501545294;8.636384963553656;36.18134443443379;76.1;99.9;52.7;74.6
37.20000000000026;5.175618230456099;31.27188049933476;8.635099469203224;35.99014781964695;76.1;99.9;52.7;74.6
37.30000000000026;5.216649008068453;31.348079513591422;8.633842105955273;35.80101222363544;76.1;99.9;52.7;74.6
37.40000000000026;5.256626485270241;31.421864300409993;8.632612260184677;35.61392077867509;76.1;99.9;52.7;74.6
37.50000000000026;5.2955813982038915;31.493274072192868;8.631409331565823;35.42885666731978;76.1;99.9;52.7;74.6
37.600000000000264;5.333543372452521;31.56234750778199;8.630232732788055;35.2458031234729;76.1;99.9;52.7;74.6
37.700000000000266;5.370540976123809;31.62912276223922;8.62908188927703;35.064743433450005;76.1;99.9;52.7;74.6
37.80000000000027;5.406601769578556;31.693637476291297;8.627956238921898;34.88566093703224;76.1;99.9;52.7;74.6
37.90000000000027;5.4417523520713456;31.755928785454575;8.626855231808193;34.70853902851039;76.1;99.9;52.7;74.6
38.00000000000027;5.476018405545154;31.816033328853987;8.625778329956276;34.53336115771897;76.1;99.9;52.7;74.6
38.10000000000027;5.509424735798958;31.873987257749945;8.624725007065294;34.360110831060254;76.1;99.9;52.7;74.6
38.20000000000027;5.541995311227139;31.929826243786177;8.623694748262468;34.18877161251765;76.1;99.9;52.7;74.6
38.300000000000274;5.573753299311375;31.98358548697088;8.62268704985767;34.01932712465835;76.1;99.9;52.7;74.6
38.400000000000276;5.604721101029534;32.035299723402915;8.62170141910313;33.85176104962474;76.1;99.9;52.7;74.6
38.50000000000028;5.6349203833316;32.08500323275425;8.620737373958216;33.68605713011435;76.1;99.9;52.7;74.6
38.60000000000028;5.6643721098196265;32.13272984551923;8.619794442859138;33.522199170347996;76.1;99.9;52.7;74.6
38.70000000000028;5.693096569757031;32.178512950040876;8.618872164493533;33.360171037025815;76.1;99.9;52.7;74.6
38.80000000000028;5.72111340552201;32.22238549932372;8.617970087579776;33.1999566602709;76.1;99.9;52.7;74.6
38.90000000000028;5.748441638610339;32.26438001764247;8.617087770650958;33.041540034560256;76.1;99.9;52.7;74.6
39.000000000000284;5.77509969428424;32.304528606955174;8.61622478184343;32.88490521964272;76.1;99.9;52.7;74.6
39.100000000000286;5.801105424956211;32.34286295312922;8.615380698689808;32.73003634144365;76.1;99.9;52.7;74.6
39.20000000000029;5.826476132389705;32.37941433198816;8.614555107916367;32.5769175929561;76.1;99.9;52.7;74.6
39.30000000000029;5.851228588792094;32.41421361518686;8.613747605244713;32.425533235118145;76.1;99.9;52.7;74.6
39.40000000000029;5.875379056869599;32.4472912759223;8.612957795197667;32.27586759767617;76.1;99.9;52.7;74.6
39.50000000000029;5.8989433089085335;32.47867739448681;8.612185290909268;32.127905080033855;76.1;99.9;52.7;74.6
39.60000000000029;5.921936644942403;32.50840166367044;8.611429713938797;31.981630152086638;76.1;99.9;52.7;74.6
39.700000000000294;5.9443739100600155;32.53649339401868;8.610690694088754;31.837027355041304;76.1;99.9;52.7;74.6
39.800000000000296;5.9662695109057005;32.56298151895155;8.609967869226722;31.69408130222068;76.1;99.9;52.7;74.6
39.9000000000003;5.9876374314190945;32.58789459974989;8.609260885110992;31.55277667985302;76.1;99.9;52.7;74.6
40.0000000000003;6.008491247858553;32.611260830414125;8.608569395219918;31.413098247846;76.1;99.9;52.7;74.6
40.1000000000003;6.02884414314917;32.63310804240104;8.607893060584907;31.27503084054507;76.1;99.9;52.7;74.6
40.2000000000003;6.048708920593555;32.65346370924333;8.607231549626952;31.138559367475974;76.1;99.9;52.7;74.6
40.3000000000003;6.0680980169808825;32.67235495105686;8.606584537996683;31.00366881407126;76.1;99.9;52.7;74.6
40.400000000000304;6.087023515127373;32.68980853894016;8.605951708417795;30.87034424238064;76.1;99.9;52.7;74.6
40.500000000000306;6.105497155879105;32.70585089927062;8.605332750533845;30.738570791764957;76.1;99.9;52.7;74.6
40.60000000000031;6.123530349606065;32.72050811790148;8.60472736075832;30.608333679573718;76.1;99.9;52.7;74.6
40.70000000000031;6.141134187214423;32.73380594426373;8.604135242127896;30.47961820180591;76.1;99.9;52.7;74.6
40.80000000000031;6.158319450702317;32.74576979537672;8.603556104158857;30.352409733754083;76.1;99.9;52.7;74.6
40.90000000000031;6.175096623282793;32.75642475977116;8.602989662706573;30.226693730631517;76.1;99.9;52.7;74.6
41.00000000000031;6.191475899096088;32.76579560132807;8.602435639827997;30.102455728182345;76.1;99.9;52.7;74.6
41.100000000000314;6.207467192532035;32.773906763037054;8.601893763647094;29.97968134327455;76.1;99.9;52.7;74.6
41.200000000000315;6.223080147182129;32.78078237067704;8.601363768223184;29.85835627447574;76.1;99.9;52.7;74.6
41.30000000000032;6.238324144439567;32.78644623642275;8.600845393422073;29.738466302611553;76.1;99.9;52.7;74.6
41.40000000000032;6.253208311764509;32.790921862379726;8.600338384789985;29.619997291306728;76.1;99.9;52.7;74.6
41.50000000000032;6.267741530630753;32.79423244405082;8.599842493430176;29.502935187508616;76.1;99.9;52.7;74.6
41.60000000000032;6.281932444169095;32.79640087373681;8.59935747588221;29.387266021993227;76.1;99.9;52.7;74.6
41.70000000000032;6.295789464521735;32.797449743873834;8.598883094003837;29.272975909853617;76.1;99.9;52.7;74.6
41.800000000000324;6.309320779921265;32.797401350310075;8.598419114855389;29.160051050970704;76.1;99.9;52.7;74.6
41.900000000000325;6.322534361507023;32.79627769552408;8.597965310586694;29.04847773046635;76.1;99.9;52.7;74.6
42.00000000000033;6.335437969890856;32.79410049178706;8.597521458326394;28.93824231913881;76.1;99.9;52.7;74.6
42.10000000000033;6.348039161483684;32.79089116427129;8.597087340073674;28.829331273880424;76.1;99.9;52.7;74.6
42.20000000000033;6.360345294593602;32.78667085410677;8.596662742592297;28.72173113807761;76.1;99.9;52.7;74.6
42.30000000000033;6.372363535305703;32.78146042138815;8.59624745730695;28.615428541993143;76.1;99.9;52.7;74.6
42.40000000000033;6.3841008631532326;32.77528044813378;8.595841280201801;28.51041020313073;76.1;99.9;52.7;74.6
42.500000000000334;6.395564076589174;32.768151241198815;8.595444011721263;28.40666292658188;76.1;99.9;52.7;74.6
42.600000000000335;6.406759798266892;32.76009283514409;8.595055456672885;28.30417360535516;76.1;99.9;52.7;74.6
42.70000000000034;6.417694480137996;32.75112499506247;8.594675424132351;28.20292922068778;76.1;99.9;52.7;74.6
42.80000000000034;6.428374408375181;32.741267219364246;8.594303727350527;28.10291684233966;76.1;99.9;52.7;74.6
42.90000000000034;6.438805708127372;32.73053874252323;8.593940183662504;28.00412362886992;76.1;99.9;52.7;74.6
43.00000000000034;6.448994348114167;32.718958537784914;8.59358461439863;27.906536827895966;76.1;99.9;52.7;74.6
43.10000000000034;6.458946145066177;32.70654531983817;8.593236844797453;27.81014377633515;76.1;99.9;52.7;74.6
43.200000000000344;6.468666768017575;32.69331754745183;8.592896703920534;27.71493190062913;76.1;99.9;52.7;74.6
43.300000000000345;6.47816174245681;32.67929342607742;8.592564024569132;27.620888716951022;76.1;99.9;52.7;74.6
43.40000000000035;6.487436454341194;32.664490910419374;8.592238643202663;27.52800183139541;76.1;99.9;52.7;74.6
43.50000000000035;6.496496153980749;32.64892770697374;8.591920399858944;27.436258940151312;76.1;99.9;52.7;74.6
43.60000000000035;6.505345959796481;32.632621276536696;8.591609138076159;27.345647829658247;76.1;99.9;52.7;74.6
43.70000000000035;6.513990861957976;32.615588836683834;8.591304704816507;27.25615637674551;76.1;99.9;52.7;74.6
43.80000000000035;6.522435725904987;32.59784736422125;8.591006950391515;27.16777254875469;76.1;99.9;52.7;74.6
43.900000000000354;6.530685295757471;32.57941359760952;8.590715728388966;27.080484403645745;76.1;99.9;52.7;74.6
44.000000000000355;6.538744197618312;32.560304039361355;8.590430895601411;26.994280090086544;76.1;99.9;52.7;74.6
44.10000000000036;6.546616942772801;32.54053495841393;8.59015231195623;26.90914784752622;76.1;99.9;52.7;74.6
44.20000000000036;6.55430793078871;32.520122392476736;8.58987984044721;26.825076006252345;76.1;99.9;52.7;74.6
44.30000000000036;6.561821452520671;32.49908215035572;8.589613347067614;26.74205298743214;76.1;99.9;52.7;74.6
44.40000000000036;6.5691616930223855;32.47742981425453;8.589352700744696;26.660067303137875;76.1;99.9;52.7;74.6
44.50000000000036;6.5763327343700215;32.45518074205354;8.589097773275636;26.579107556356632;76.1;99.9;52.7;74.6
44.600000000000364;6.5833385584000235;32.4323500695675;8.588848439264877;26.499162440984556;76.1;99.9;52.7;74.6
44.700000000000365;6.590183049364423;32.408952712782245;8.588604576062806;26.420220741805824;76.1;99.9;52.7;74.6
44.80000000000037;6.596869996506581;32.38500337007136;8.588366063705784;26.34227133445652;76.1;99.9;52.7;74.6
44.90000000000037;6.6034030965601955;32.3605165243932;8.588132784857473;26.26530318537351;76.1;99.9;52.7;74.6
45.00000000000037;6.609785956174262;32.33550644546893;8.587904624751431;26.189305351728642;76.1;99.9;52.7;74.6
45.10000000000037;6.616022094266584;32.30998719194214;8.587681471134964;26.114266981348347;76.1;99.9;52.7;74.6
45.20000000000037;6.622114944308296;32.283972613520504;8.587463214214203;26.04017731261893;76.1;99.9;52.7;74.6
45.300000000000374;6.628067856541791;32.25747635309997;8.58724974660036;25.967025674377687;76.1;99.9;52.7;74.6
45.400000000000375;6.6338841001343045;32.23051184887199;8.58704096325716;25.894801485790097;76.1;99.9;52.7;74.6
45.50000000000038;6.639566865269363;32.20309233641424;8.586836761449431;25.823494256213266;76.1;99.9;52.7;74.6
45.60000000000038;6.645119265178175;32.17523085076509;8.586637040692791;25.753093585045903;76.1;99.9;52.7;74.6
45.70000000000038;6.650544338112974;32.146940228482485;8.586441702704443;25.68358916156495;76.1;99.9;52.7;74.6
45.80000000000038;6.655845049264256;32.11823310968733;8.586250651355034;25.614970764749174;76.1;99.9;52.7;74.6
45.90000000000038;6.661024292623747;32.08912194009192;8.586063792621575;25.547228263089863;76.1;99.9;52.7;74.6
46.000000000000384;6.666084892794892;32.05961897301364;8.585881034541368;25.480351614388972;76.1;99.9;52.7;74.6
46.100000000000385;6.671029606752574;32.029736271374304;8.585702287166953;25.41433086554477;76.1;99.9;52.7;74.6
46.20000000000039;6.675861125553706;31.999485709685374;8.585527462522025;25.349156152325403;76.1;99.9;52.7;74.6
46.30000000000039;6.680582076000269;31.96887897601938;8.585356474558326;25.28481769913048;76.1;99.9;52.7;74.6
46.40000000000039;6.685195022256333;31.93792757396776;8.58518923911345;25.221305818740962;76.1;99.9;52.7;74.6
46.50000000000039;6.689702467420508;31.90664282458537;8.585025673869605;25.158610912057604;76.1;50.7;52.7;74.6
46.60000000000039;6.886089300910861;31.874034239907413;8.58486569831324;24.855849490391385;76.1;50.7;52.7;74.6
46.700000000000394;7.1160573913560485;31.83813875567788;8.584709233695566;24.509211930025188;76.1;50.7;52.7;74.6
46.800000000000395;7.34106294211697;31.799011702225773;8.584556202993944;24.167097166319465;76.1;50.7;52.7;74.6
46.9000000000004;7.561287236923071;31.756708547180338;8.584406530874112;23.829477463459803;76.1;50.7;52.7;74.6
47.0000000000004;7.776899807969056;31.711284426515448;8.584260143653225;23.49632486655055;76.1;50.7;52.7;74.6
47.1000000000004;7.988059607286829;31.662794151170186;8.58411696926371;23.16761120204194;76.1;50.7;52.7;74.6
47.2000000000004;8.19491602145233;31.611292213292725;8.583976937217916;22.843308078264336;76.1;50.7;52.7;74.6
47.3000000000004;8.397609755556232;31.55683279211596;8.583839978573526;22.52338688607324;76.1;50.7;52.7;74.6
47.400000000000404;8.596273607309538;31.499469759472902;8.583706025899723;22.207818799608503;76.1;50.7;52.7;74.6
47.500000000000405;8.791033148223422;31.43925668495936;8.583575013244106;21.896574777171427;76.1;50.7;52.7;74.6
47.600000000000406;8.982007325717102;31.376246840750984;8.58344687610031;21.58962556222321;76.1;50.7;52.7;74.6
47.70000000000041;9.169308997565004;31.310493206081354;8.583321551376354;21.286941684508392;76.1;50.7;52.7;74.6
47.80000000000041;9.353045408144913;31.24204847138748;8.583198977363665;20.98849346130683;76.1;50.7;52.7;74.6
47.90000000000041;9.533318614381088;31.170965042128643;8.583079093706779;20.69425099881769;76.1;50.7;52.7;74.6
48.00000000000041;9.71022586800643;31.0972950422843;8.58296184137372;20.404184193679036;76.1;50.7;52.7;74.6
48.10000000000041;9.883859959732577;31.021090317536434;8.582847162627;20.11826273462647;76.1;50.7;52.7;74.6
48.200000000000415;10.054309530067314;30.942402438141478;8.582735000995282;19.83645610429418;76.1;50.7;52.7;74.6
48.300000000000416;10.22165935081782;30.86128270149675;8.58262530124563;19.558733581161903;76.1;50.7;52.7;74.6
48.40000000000042;10.385990580736507;30.7777821344061;8.582518009356395;19.285064241650986;76.1;50.7;52.7;74.6
48.50000000000042;10.547380998281053;30.691951495049278;8.582413072490679;19.01541696237283;76.1;50.7;52.7;74.6
48.60000000000042;10.705905214053457;30.60384127465947;8.582310438970374;18.7497604225329;76.1;50.7;52.7;74.6
48.70000000000042;10.861634865140383;30.513501698913153;8.582210058250787;18.48806310649328;76.1;13.3;52.7;74.6
48.80000000000042;11.160858589093575;30.420091134485354;8.582111880895793;18.04735314640986;76.1;13.3;52.7;74.6
48.900000000000425;11.483856671401043;30.32188887887078;8.582015858553563;17.577084113863354;76.1;13.3;52.7;55.7
49.000000000000426;11.80079016851764;30.283015082193494;8.502224396069906;17.114052106476475;76.1;13.3;52.7;55.7
49.10000000000043;12.110726067536635;30.25153400601913;8.408464995185383;16.658240754653292;76.1;13.3;52.7;55.7
49.20000000000043;12.413875875183628;30.214651318221186;8.316784511376987;16.209633281920105;76.1;13.3;52.7;55.7
49.30000000000043;12.710440950952709;30.17243777266814;8.227147897202387;15.768212490705565;76.1;13.3;52.7;55.7
49.40000000000043;13.000613120476501;30.12496383617081;8.139520321690965;15.333960747500965;76.1;13.3;52.7;55.7
49.50000000000043;13.28457543854425;30.072299716921314;8.053867179866302;14.906859967369767;76.1;13.3;52.7;55.7
49.600000000000435;13.56250286527962;30.014515392693216;7.970154102098603;14.486891597773495;76.1;13.3;52.7;55.7
49.700000000000436;13.834562867771103;29.951680638854913;7.888346963273802;14.074036601679598;76.1;13.3;52.7;55.7
49.80000000000044;14.100915957391603;29.883865056247497;7.8084118917664025;13.668275439914995;76.1;13.3;52.7;55.7
49.90000000000044;14.361716171382204;29.811138098977548;7.730315278203623;13.269588052727066;76.1;13.3;52.7;55.7
50.00000000000044;14.617111505923324;29.733569102174897;7.654023784008795;12.877953840512006;76.1;13.3;52.7;55.7
50.10000000000044;14.867244306809708;29.651227309764966;7.579504349712481;12.493351643668229;76.1;13.3;52.7;55.7
50.20000000000044;15.112251622933949;29.564181902305;7.506724203020329;12.11575972153052;76.1;13.3;52.7;55.7
50.300000000000445;15.352265527028;29.472502024933437;7.43565086662721;11.745155730338299;76.1;13.3;52.7;55.7
50.400000000000446;15.587413407483046;29.376256815481604;7.366252165767834;11.38151670018913;76.1;13.3;52.7;55.7
50.50000000000045;15.817818234541516;29.27551543279692;7.298496235494603;11.024819010926194;76.1;13.3;52.7;55.7
50.60000000000045;16.04359880371213;29.170347085327037;7.232351527674156;10.675038366906085;76.1;13.3;52.7;55.7
50.70000000000045;16.26486995888452;29.060821060014504;7.167786817694751;10.332149770590727;76.1;13.3;52.7;55.7
50.80000000000045;16.481742797302427;28.947006751551722;7.104771210877234;9.996127494904798;76.1;13.3;52.7;55.7
50.90000000000045;16.69432485828373;28.828973692046343;7.043274148583208;9.666945054297456;76.1;13.3;52.7;32
51.000000000000455;16.901932403165006;28.78710692134072;6.8834235349774895;9.344575174444648;76.1;13.3;52.7;32
51.100000000000456;17.10312402641093;28.7562521329074;6.707812569347924;9.028989760525862;76.1;13.3;52.7;32
51.20000000000046;17.298047555175074;28.720354968092277;6.536555339705687;8.720159864006671;76.1;13.3;52.7;32
51.30000000000046;17.486848067825143;28.679493816597457;6.3695984661149705;8.418055647856201;76.1;13.3;52.7;32
51.40000000000046;17.669667537033476;28.633747065919575;6.206887850207067;8.12264635012643;76.1;13.3;52.7;32
51.50000000000046;17.84664500386327;28.583193143483737;6.048368683079687;7.833900245818382;76.1;13.3;52.7;32
51.60000000000046;18.017916736726967;28.527910559164777;5.893985454711416;7.551784606958558;76.1;13.3;52.7;32
51.700000000000465;18.183616376503192;28.467977948270544;5.743681964962926;7.276265660807768;76.1;13.3;52.7;32
51.800000000000466;18.34387506894892;28.403474115059517;5.597401336234684;7.007308546123715;76.1;13.3;52.7;32
51.90000000000047;18.498821585414632;28.334478076862375;5.455086027848315;6.744877267398528;76.1;13.3;52.7;32
52.00000000000047;18.64858243275876;28.261069108873823;5.316677852215449;6.488934646993024;76.1;13.3;52.7;32
52.10000000000047;18.793281953261484;28.183326789677142;5.182117992853765;6.239442275090971;76.1;13.3;52.7;32
52.20000000000047;18.93304241525481;28.101331047559228;5.051347024304985;5.996360457399233;76.1;13.3;52.7;18.3
52.30000000000047;19.06744371402425;28.061586669199087;4.8666968299827005;5.7596481605236525;76.1;13.3;52.7;18.3
52.400000000000475;19.195536269585425;28.026466176896978;4.676090513546651;5.529262954956037;76.1;13.3;52.7;18.3
52.500000000000476;19.317452950605;27.986730362330263;4.491130046670967;5.30516095561517;76.1;13.3;52.7;18.3
52.60000000000048;19.43332566355372;27.9424660992793;4.311758162729077;5.0872967598944685;76.1;13.3;52.7;18.3
52.70000000000048;19.543285195795903;27.893760682635858;4.137915842020103;4.875623383181373;76.1;13.3;52.7;18.3
52.80000000000048;19.647461341382908;27.840701886463815;3.9695422602546877;4.670092191829168;76.1;13.3;52.7;18.3
52.90000000000048;19.745983019846175;27.783378022797045;3.8065747373998104;4.470652833581196;76.1;13.3;52.7;18.3
53.00000000000048;19.838978388208258;27.72187800115601;3.6489486872314023;4.277253165471009;76.1;13.3;52.7;18.3
53.100000000000485;19.926574946345582;27.656291388739845;3.496597567994624;4.0898391792505135;76.1;13.3;52.7;18.3
53.200000000000486;20.008899635754215;27.586708471221716;3.349452834627227;3.9083549244324307;76.1;13.3;52.7;18.3
53.30000000000049;20.086078931689148;27.51322031404153;3.207443893061205;3.7327424290741327;76.1;13.3;52.7;18.3
53.40000000000049;20.158238928568323;27.435918824050855;3.070498057181804;3.5629416184781415;76.1;13.3;52.7;18.3
53.50000000000049;20.225505418454613;27.354896811319477;2.9385405090904038;3.3988902320411745;76.1;13.3;52.7;18.3
53.60000000000049;20.288003962352416;27.270248050860776;2.811494263388132;3.240523738549665;76.1;13.3;52.7;18.3
53.70000000000049;20.34585995398086;27.18206734397317;2.6892801362694256;3.087775250296189;76.1;13.3;52.7;18.3
53.800000000000495;20.399198675613594;27.090450578826445;2.571816720287761;2.9405754364793104;76.1;13.3;52.7;18.3
53.900000000000496;20.448145345506617;26.99549478984439;2.4590203657278713;2.798852436449985;76.1;13.3;22.5;18.3
54.0000000000005;20.492323512546136;26.76374181971298;2.3138719771876524;2.662531773481795;76.1;13.3;22.5;18.3
54.1000000000005;20.53086036545285;26.503811721065755;2.167598773335249;2.531536269870674;76.1;13.3;22.5;18.3
54.2000000000005;20.5638825546325;26.24262891677002;2.027645023442649;2.405785964312897;76.1;13.3;22.5;18.3
54.3000000000005;20.59151834385757;25.9802879630003;1.8939382390550477;2.2851980326679877;76.1;13.3;22.5;18.3
54.4000000000005;20.613897501667175;25.71688510124925;1.7664017906829466;2.169686713385432;76.1;13.3;22.5;18.3
54.500000000000504;20.631151542834342;25.45251828395569;1.6449546193180777;2.059163239059329;76.1;13.3;22.5;18.3
54.600000000000506;20.643413978449917;25.1872871925786;1.5295109303313303;1.953535775771287;76.1;13.3;22.5;18.3
54.70000000000051;20.650820574182806;24.921293246668395;1.419979870279163;1.8527093720854546;76.1;13.3;22.5;18.3
54.80000000000051;20.653509615756523;24.6546396023413;1.3162651877873819;1.7565859197657996;76.1;13.3;22.5;18.3
54.90000000000051;20.651622180006445;24.38743113842322;1.218264880529205;1.6650641284879346;76.1;13.3;22.5;18.3
55.00000000000051;20.645302409016303;24.119774428402526;1.1258708314138135;1.5780395170073993;76.1;13.3;22.5;18.3
55.10000000000051;20.63469778373971;23.851777696226197;1.038968438501505;1.4954044234125816;76.1;13.3;22.5;18.3
55.200000000000514;20.619959392155792;23.58355075389991;0.9574362449123295;1.4170480372204028;76.1;13.3;22.5;18.3
55.300000000000516;20.601242185355062;23.315204918822793;0.8811455771418502;1.3428564561512557;76.1;13.3;22.5;18.3
55.40000000000052;20.57870521298184;23.04685290881435;0.8099602027715229;1.2727127704293153;76.1;13.3;22.5;18.3
55.50000000000052;20.552511827174808;22.77860871288899;0.7437360215651895;1.2064971773766624;76.1;13.3;22.5;18.3
55.60000000000052;20.522829841587225;22.510587436016916;0.6823208073332144;1.1440871288855428;22.2;13.3;22.5;18.3
55.70000000000052;20.287030335915734;22.242138014681032;0.6255540216051234;1.0472309454891262;22.2;13.3;22.5;18.3
55.80000000000052;20.010448455782615;21.971856121319604;0.5732667238607286;0.9489998612605317;22.2;13.3;22.5;18.3
55.900000000000524;19.73401978224992;21.69986413396331;0.5252816064745909;0.8571115471763279;22.2;13.3;22.5;18.3
56.000000000000526;19.457914675207277;21.426291928344426;0.48141318511454223;0.7714556118676908;22.2;13.3;22.5;18.3
56.10000000000053;19.18230791623996;21.151276335566106;0.44146817641826297;0.6919118586780035;22.2;13.3;22.5;18.3
56.20000000000053;18.907378127408695;20.874961882191393;0.405246093526814;0.6183492275347485;22.2;13.3;22.5;18.3
56.30000000000053;18.81627314777413;20.597501590904297;0.40548167298634447;0.5506246435290573;22.2;13.3;22.5;18.3
56.40000000000053;18.76244464861204;20.319057832112737;0.4122575208614098;0.4885817824963319;22.2;13.3;22.5;18.3
56.50000000000053;18.70924303701896;20.22821525506908;0.41869880212084054;0.46786593654120767;22.2;13.3;22.5;18.3
56.600000000000534;18.65664953977023;20.174862622749693;0.42482443325102615;0.45533171588370774;22.2;13.3;22.5;18.3
56.700000000000536;18.604646553200574;20.121384178159524;0.4306520025352121;0.44338702154794624;22.2;13.3;22.5;18.3
56.80000000000054;18.553217538555444;20.067797453414485;0.4361978923946231;0.43201146064372115;22.2;13.3;22.5;18.3
56.90000000000054;18.502346929662;20.014119720017465;0.4414773870832344;0.42118483083091346;22.2;13.3;22.5;18.3
57.00000000000054;18.452020051112324;19.960367966848757;0.44650476790763105;0.410887149334885;22.2;13.3;22.5;18.3
57.10000000000054;18.40222304546613;19.906558878787695;0.4512933977627206;0.4010986813542181;22.2;13.3;22.5;18.3
57.20000000000054;18.352942808232207;19.852708816127162;0.4558557964697736;0.39179996765503833;22.2;13.3;22.5;18.3
57.300000000000544;18.30416692959083;19.798833794936606;0.46020370815820694;0.38297185115229093;22.2;13.3;22.5;18.3
57.400000000000546;18.25588364198437;19.744949468520666;0.4643481617337879;0.3745955022877765;22.2;13.3;22.5;18.3
57.50000000000055;18.208081772837946;19.691071110109423;0.4682995253137122;0.36665244302732997;22.2;13.3;22.5;18.3
57.60000000000055;18.160750701782987;19.637213596902978;0.4720675553757686;0.35912456931500747;22.2;13.3;22.5;18.3
57.70000000000055;18.113880321847915;19.583391395577816;0.47566144125874055;0.35199417184018467;22.2;13.3;22.5;18.3
57.80000000000055;18.067461004156623;19.529618549345443;0.479089845559778;0.34524395499366856;22.2;13.3;22.5;18.3
57.90000000000055;18.021483565738947;19.475908666635718;0.48236094089815557;0.338857053910811;22.2;13.3;22.5;18.3
58.000000000000554;17.975939240110886;19.42227491145822;0.4854824434508058;0.33281704952268887;22.2;13.3;22.5;18.3
58.100000000000556;17.93081965032742;19.368729995475675;0.488461643611059;0.3271079815601482;22.2;13.3;22.5;18.3
58.20000000000056;17.88611678424906;19.315286171804004;0.4913054340763452;0.32171435947937965;22.2;13.3;22.5;18.3
58.30000000000056;17.84182297179577;19.261955230534664;0.4940203356317898;0.3166211713011787;7.4;13.3;22.5;18.3
58.40000000000056;17.70651965291225;19.208422906665437;0.49661252086350505;0.2946447526336338;7.4;13.3;22.5;18.3
58.50000000000056;17.554034704560657;19.15406379265938;0.4990878360070019;0.2706338642349827;7.4;13.3;22.5;18.3
58.60000000000056;17.402693122414643;19.098904845234795;0.5014518211117505;0.2480775648569613;7.4;13.3;22.5;18.3
58.700000000000564;17.252487335796;19.042975271879474;0.5037097286818775;0.22694653309783278;7.4;13.3;22.5;18.3
58.800000000000566;17.10340999851016;18.98630572460163;0.5058665409347749;0.20720942392339847;7.4;13.3;22.5;18.3
58.90000000000057;16.955453974798036;18.928928400793485;0.5079269858035909;0.1888327292859339;7.4;13.3;22.5;18.3
59.00000000000057;16.808612326270644;18.870877142538102;0.5098955517958019;0.1717806397013163;7.4;13.3;22.5;18.3
59.10000000000057;16.66287829974159;18.812187530696125;0.5117765018080529;0.1560149113794709;7.4;13.3;22.5;18.3
59.20000000000057;16.51824531588157;18.752896968888734;0.5135738859869193;0.14149474506459903;7.4;13.3;22.5;18.3
59.30000000000057;16.374706958626618;18.693044751069372;0.515291553716012;0.1281766845687711;7.4;13.3;22.5;18.3
59.400000000000574;16.23225696527877;18.63267210480202;0.5169331648017044;0.11601454501185626;7.4;13.3;22.5;18.3
59.500000000000576;16.090889217243774;18.571822200752248;0.5185021999225924;0.10495938287047964;7.4;13.3;22.5;18.3
59.60000000000058;15.950597731355945;18.51054011744947;0.5200019704014431;0.09495952183810735;7.4;13.3;22.5;18.3
59.70000000000058;15.811376651744826;18.448872749400167;0.5214356273527678;0.08596064982291321;0;13.3;22.5;18.3
59.80000000000058;15.62752273336378;18.386547245154016;0.5228061702541493;0.06952003923067562;0;13.3;22.5;18.3
59.90000000000058;15.43596502053517;18.32295927231209;0.5241164549850112;0.05343349941485492;0;13.3;22.5;18.3
60.00000000000058;15.245865667323628;18.258116448475683;0.5253692013725391;0.03946080518025689;0;13.3;22.5;18.3
60.100000000000584;15.05722053382843;18.192028017094778;0.5265670002809177;0.02760200393147604;0;13.3;22.5;18.3
60.200000000000585;14.87002556988757;18.124703154001118;0.5277123202768728;0.01785721089637052;0;13.3;0;18.3
60.30000000000059;14.683697874549491;17.912631178054212;0.48923856733826715;0.010226768320785824;0;13.3;0;18.3
60.40000000000059;14.497096418022997;17.67173865669837;0.4448169250506061;0;0;13.3;0;18.3
60.50000000000059;14.310230031865652;17.42811120277799;0.4025090763442848;0;0;13.3;0;18.3
60.60000000000059;14.123109990501323;17.18617478319124;0.3623150213691949;0;0;13.3;0;18.3
60.70000000000059;13.935747703466436;16.945929397938123;0.3242347603199782;0;0;13.3;0;18.3
60.800000000000594;13.748154719733995;16.707375047018644;0.28826829345306243;0;0;13.3;0;18.3
60.900000000000595;13.560342732217002;16.470511730432815;0.2544156211117675;0;0;13.3;0;18.3
61.0000000000006;13.372323582458213;16.23533944818064;0.22267674376416458;0;0;13.3;0;18.3
61.1000000000006;13.18410926551128;16.001858200262124;0.1930516620616596;0;0;13.3;0;18.3
61.2000000000006;12.995711935014292;15.770067986677274;0.16554037693234644;0;0;13.3;0;18.3
61.3000000000006;12.807143908448225;15.5399688074261;0.14014288973485306;0;0;13.3;0;18.3
61.4000000000006;12.618417672554886;15.311560662508606;0.11685920252194844;0;0;13.3;0;18.3
61.500000000000604;12.42954588884975;15.084843551924804;0.09568931851330599;0;0;13.3;0;18.3
61.600000000000605;12.240541399074841;14.8598174756747;0.0766332429906535;0;0;13.3;0;18.3
61.70000000000061;12.051417230213996;14.636482433758303;0.0596909851076892;0;0;13.3;0;18.3
61.80000000000061;11.862186598090938;14.414838426175622;0.04486256185902243;0;0;13.3;0;18.3
61.90000000000061;11.672862906745179;14.194885452926666;0.03214800772975007;0;0;13.3;0;18.3
62.00000000000061;11.483459734342595;13.976623514011445;0.021547401578037185;0;0;13.3;0;18.3
62.10000000000061;11.293990768455355;13.76005260942997;0.013060957138683032;0;0;13.3;0;18.3
62.200000000000614;11.10446948921936;13.545172739182249;0.006689428629671131;0;0;13.3;0;18.3
62.300000000000615;10.91490675988356;13.331983903268293;0;0;0;13.3;0;18.3
62.40000000000062;10.723619603768686;13.120486101688115;0;0;0;13.3;0;18.3
62.50000000000062;10.534023481987784;12.910679334441726;0;0;0;13.3;0;18.3
62.60000000000062;10.346118394540875;12.702563601529137;0;0;0;13.3;0;18.3
62.70000000000062;10.159904341427982;12.496138902950362;0;0;0;13.3;0;18.3
62.80000000000062;9.975381322649124;12.291405238705414;0;0;0;13.3;0;18.3
62.900000000000624;9.792549338204326;12.088362608794306;0;0;0;13.3;0;18.3
63.000000000000625;9.611408388093613;11.887011013217053;0;0;0;13.3;0;18.3
63.10000000000063;9.431958472317008;11.687350451973671;0;0;0;13.3;0;18.3
63.20000000000063;9.25419959087454;11.489380925064173;0;0;0;13.3;0;18.3
63.30000000000063;9.078131743766235;11.293102432488578;0;0;0;13.3;0;0
63.40000000000063;8.903754930992124;11.0985149742469;0;0;0;13.3;0;0
63.50000000000063;8.731069152552235;10.905618550339158;0;0;0;13.3;0;0
63.600000000000634;8.560074408446605;10.714413160765371;0;0;0;13.3;0;0
63.700000000000635;8.390770698675263;10.52489880552556;0;0;0;13.3;0;0
63.80000000000064;8.223158023238247;10.337075484619742;0;0;0;13.3;0;0
63.90000000000064;8.057236382135594;10.150943198047939;0;0;0;13.3;0;0
64.00000000000064;7.893005775367343;9.966501945810174;0;0;0;13.3;0;0
64.10000000000063;7.7304662029335365;9.78375172790647;0;0;0;0;0;0
64.20000000000063;7.569617664834217;9.60269254433685;0;0;0;0;0;0
64.30000000000062;7.410460161069432;9.423324395101343;0;0;0;0;0;0
64.40000000000062;7.2529936916392295;9.245647280199972;0;0;0;0;0;0
64.50000000000061;7.09721825654366;9.069661199632765;0;0;0;0;0;0
64.6000000000006;6.943133855782778;8.895366153399754;0;0;0;0;0;0
64.7000000000006;6.790740489356642;8.722762141500969;0;0;0;0;0;0
64.8000000000006;6.64003815726531;8.55184916393644;0;0;0;0;0;0
64.90000000000059;6.491026859508847;8.382627220706203;0;0;0;0;0;0
65.00000000000058;6.343706596087321;8.215096311810294;0;0;0;0;0;0
65.10000000000058;6.198077367000804;8.049256437248749;0;0;0;0;0;0
65.20000000000057;6.0541391722493705;7.885107597021609;0;0;0;0;0;0
65.30000000000057;5.9118920118331015;7.722649791128914;0;0;0;0;0;0
65.40000000000056;5.771335885752083;7.561883019570709;0;0;0;0;0;0